0 1 1 2 4 6 6 4 5 4 3 6 6 5 3
0 3 1 1 2 2 2 2 2 2 2 2 4 4 4
0 4 1 1 2 2 2 2 2 2 2 2 4 4 4
1 4 1 1 1 2 2 2 4 4 2 2 4 2 2
1 2 1 1 1 4 4 2 2 1 4 4 6 4 2
2 4 1 1 1 1 1 1 1 1 1 1 1 1 1
2 16 2 2 2 4 4 4 4 4 4 6 6 6 5 
3 4 1 1 1 2 2 2 4 4 2 2 4 2 2
3 6 2 2 2 2 2 3 3 3 3 5 5 5 4
4 5 2 2 2 2 3 3 3 4 4 4 3 3 3
5 7 1 1 1 1 1 1 2 2 2 2 2 2 2
5 10 3 3 3 3 3 3 4 4 4 4 4 4 4
6 7 2 2 3 3 3 2 2 2 2 5 5 5 5
6 10 1 1 2 2 2 2 2 3 3 3 4 4 4
6 9 2 2 3 3 3 2 2 2 2 5 5 5 5
7 8 1 1 1 2 2 2 2 1 1 1 3 3 3
8 9 1 1 1 2 2 2 2 1 1 1 3 3 3
8 16 1 1 1 1 1 1 1 1 1 1 1 1 1 
9 12 1 1 1 2 2 2 2 1 1 2 2 2 2
10 11 1 1 1 1 1 1 1 1 1 2 2 2 2
10 12 1 1 1 1 1 1 1 1 1 3 3 2 2
10 13 1 1 1 1 1 1 4 4 4 4 4 4 4
11 13 1 1 1 2 1 1 1 1 1 2 2 2 2
11 12 1 1 1 2 1 1 1 1 1 2 2 2 2
12 15 1 1 1 2 2 2 2 2 3 3 3 3 3
13 15 1 1 1 2 2 2 2 2 3 3 3 3 3
14 15 1 1 1 1 2 2 2 2 3 3 3 3 3
14 16 1 1 1 2 2 2 2 3 3 3 3 3 3
15 16 1 1 1 2 2 2 2 3 3 3 3 3 3 